>>D-00342-serum-D7_Emission_1.txt
0.016717	0
0.033383	0
0.05005	0
0.066717	0
0.083383	-15
0.10005	-38
0.116717	103
0.133383	572
0.15005	1332
0.166717	2187
0.183383	2917
0.20005	3402
0.216717	3622
0.233383	3672
0.25005	3608
0.266717	3510
0.283383	3635
0.30005	4094
0.316717	4714
0.333383	5441
0.35005	6235
0.366717	7043
0.383383	7757
0.40005	8093
0.416717	7942
0.433383	7339
0.45005	6531
0.466717	5734
0.483383	5197
0.50005	4968
0.516717	4995
0.533383	5226
0.55005	5552
0.566717	5872
0.583383	6201
0.60005	6530
0.616717	6694
0.633383	6541
0.65005	6069
0.666717	5308
0.683383	4336
0.70005	3286
0.716717	2279
0.733383	1481
0.75005	1089
0.766717	1187
0.783383	1628
0.80005	2123
0.816717	2457
0.833383	2801
0.85005	3743
0.866717	6003
0.883383	9835
0.90005	14872
0.916717	20216
0.933383	24876
0.95005	28029
0.966717	29304
0.983383	28926
1.00005	27182
1.016717	24383
1.033383	21076
1.05005	17690
1.066717	14513
1.083383	11723
1.10005	9420
1.116717	7632
1.133383	6253
1.15005	5240
1.166717	4573
1.183383	4238
1.20005	4109
1.216717	4238
1.233383	4800
1.25005	5779
1.266717	6959
1.283383	8096
1.30005	9006
1.316717	9665
1.333383	10015
1.35005	10783
1.366717	14737
1.383383	24343
1.40005	38904
1.416717	55108
1.433383	69215
1.45005	78455
1.466717	81621
1.483383	78987
1.50005	71873
1.516717	62140
1.533383	52199
1.55005	44221
1.566717	39168
1.583383	36607
1.60005	35438
1.616717	34697
1.633383	33705
1.65005	32141
1.666717	29768
1.683383	26522
1.70005	22651
1.716717	18450
1.733383	14291
1.75005	10421
1.766717	6954
1.783383	3948
1.80005	1476
1.816717	-353
1.833383	-1691
1.85005	-2763
1.866717	-3600
1.883383	-4100
1.90005	-4172
1.916717	-3815
1.933383	-3232
1.95005	-2782
1.966717	-2637
1.983383	-2797
2.00005	-3072
2.016717	-3239
2.033383	-3265
2.05005	-3274
2.066717	-3306
2.083383	-3245
2.10005	-3031
2.116717	-2760
2.133383	-2478
2.15005	-2052
2.166717	-1387
2.183383	-414
2.20005	808
2.216717	2011
2.233383	2984
2.25005	3604
2.266717	3956
2.283383	4168
2.30005	4394
2.316717	4578
2.333383	4598
2.35005	4441
2.366717	4160
2.383383	3818
2.40005	3535
2.416717	3249
2.433383	2825
2.45005	2228
2.466717	1592
2.483383	1084
2.50005	738
2.516717	610
2.533383	1960
2.55005	12003
2.566717	48825
2.583383	131914
2.60005	263538
2.616717	424231
2.633383	583303
2.65005	711956
2.666717	791365
2.683383	814934
2.70005	786677
2.716717	717607
2.733383	622059
2.75005	514512
2.766717	407256
2.783383	309078
2.80005	225154
2.816717	157604
2.833383	106186
2.85005	69188
2.866717	44078
2.883383	28181
2.90005	18872
2.916717	13837
2.933383	11386
2.95005	10317
2.966717	9884
2.983383	9680
3.00005	9478
3.016717	9058
3.033383	8311
3.05005	7189
3.066717	5808
3.083383	4450
3.10005	3451
3.116717	2888
3.133383	2628
3.15005	2604
3.166717	2848
3.183383	3430
3.20005	4366
3.216717	5501
3.233383	6556
3.25005	7219
3.266717	7263
3.283383	6755
3.30005	5837
3.316717	4652
3.333383	3341
3.35005	2062
3.366717	867
3.383383	-89
3.40005	-428
3.416717	-69
3.433383	685
3.45005	1572
3.466717	2447
3.483383	3199
3.50005	3631
3.516717	3641
3.533383	3349
3.55005	2963
3.566717	2659
3.583383	2522
3.60005	2703
3.616717	3260
3.633383	3943
3.65005	4570
3.666717	5107
3.683383	5448
3.70005	5585
3.716717	5567
3.733383	5516
3.75005	5647
3.766717	6055
3.783383	6487
3.80005	6802
3.816717	6972
3.833383	7118
3.85005	7262
3.866717	7395
3.883383	7433
3.90005	7251
3.916717	6742
3.933383	5966
3.95005	5138
3.966717	4415
3.983383	3748
4.00005	3118
4.016717	2587
4.033383	2040
4.05005	1406
4.066717	679
4.083383	8
4.10005	-439
4.116717	-637
4.133383	-648
4.15005	-544
4.166717	-444
4.183383	-514
4.20005	-804
4.216717	-1184
4.233383	-1589
4.25005	-1988
4.266717	-2082
4.283383	-1554
4.30005	-321
4.316717	1240
4.333383	2736
4.35005	3922
4.366717	4605
4.383383	4749
4.40005	4467
4.416717	3928
4.433383	3360
4.45005	2822
4.466717	2313
4.483383	1899
4.50005	1474
4.516717	922
4.533383	257
4.55005	-521
4.566717	-1206
4.583383	-1638
4.60005	-1731
4.616717	-1476
4.633383	-1058
4.65005	-666
4.666717	-332
4.683383	-74
4.70005	103
4.716717	26
4.733383	-319
4.75005	-727
4.766717	-927
4.783383	-925
4.80005	-910
4.816717	-903
4.833383	-824
4.85005	-590
4.866717	-203
4.883383	310
4.90005	1052
4.916717	2007
4.933383	3072
4.95005	4053
4.966717	4872
4.983383	5677
5.00005	6394
5.016717	6394
5.033383	6394
5.05005	6394
5.066717	6394
5.083383	7587
5.10005	11116
5.116717	15400
5.133383	19711
5.15005	25074
5.166717	32394
5.183383	41111
5.20005	50637
5.216717	60094
5.233383	69987
5.25005	79655
5.266717	88208
5.283383	95196
5.30005	100511
5.316717	105774
5.333383	111431
5.35005	116852
5.366717	122225
5.383383	126644
5.40005	129008
5.416717	128777
5.433383	124809
5.45005	116517
5.466717	105431
5.483383	92985
5.50005	78257
5.516717	59612
5.533383	36979
5.55005	12012
5.566717	-13733
5.583383	-38349
5.60005	-59285
5.616717	-74802
5.633383	-84261
5.65005	-88925
5.666717	-91122
5.683383	-93129
5.70005	-97056
5.716717	-103583
5.733383	-110793
5.75005	-116089
5.766717	-118544
5.783383	-119803
5.80005	-121381
5.816717	-122348
5.833383	-122416
5.85005	-122061
5.866717	-120821
5.883383	-119409
5.90005	-118504
5.916717	-118033
5.933383	-118084
5.95005	-119301
5.966717	-120983
5.983383	-120946
6.00005	-118204
6.016717	-113930
6.033383	-110421
6.05005	-109696
6.066717	-112026
6.083383	-117232
6.10005	-124544
6.116717	-132404
6.133383	-138883
6.15005	-142375
6.166717	-141247
6.183383	-134918
6.20005	-123839
6.216717	-109955
6.233383	-95619
6.25005	-81937
6.266717	-69895
6.283383	-61945
6.30005	-59503
6.316717	-60197
6.333383	-61892
6.35005	-65159
6.366717	-70091
6.383383	-75292
6.40005	-78367
6.416717	-78464
6.433383	-77173
6.45005	-75841
6.466717	-74411
6.483383	-73107
6.50005	-73122
6.516717	-74343
6.533383	-77062
6.55005	-81508
6.566717	-87469
6.583383	-94190
6.60005	-100934
6.616717	-107038
6.633383	-111184
6.65005	-112266
6.666717	-110575
6.683383	-106762
6.70005	-100664
6.716717	-91573
6.733383	-79689
6.75005	-64862
6.766717	-48294
6.783383	-30850
6.80005	-12370
6.816717	6529
6.833383	23738
6.85005	36161
6.866717	41073
6.883383	38540
6.90005	30942
6.916717	20232
6.933383	7209
6.95005	-7612
6.966717	-23875
6.983383	-40096
7.00005	-54692
7.016717	-67759
7.033383	-80006
7.05005	-91174
7.066717	-100611
7.083383	-109045
7.10005	-116870
7.116717	-124205
7.133383	-131543
7.15005	-138370
7.166717	-143478
7.183383	-145632
7.20005	-144753
7.216717	-142263
7.233383	-140030
7.25005	-138862
7.266717	-137946
7.283383	-136514
7.30005	-133863
7.316717	-129139
7.333383	-123527
7.35005	-119437
7.366717	-118419
7.383383	-119949
7.40005	-124112
7.416717	-131314
7.433383	-140061
7.45005	-149863
7.466717	-161718
7.483383	-174843
7.50005	-187563
7.516717	-198781
7.533383	-208360
7.55005	-215822
7.566717	-220923
7.583383	-223593
7.60005	-223091
7.616717	-219359
7.633383	-212618
7.65005	-203583
7.666717	-192536
7.683383	-179905
7.70005	-166337
7.716717	-153282
7.733383	-141747
7.75005	-132127
7.766717	-125376
7.783383	-122150
7.80005	-121991
7.816717	-123732
7.833383	-126618
7.85005	-129331
7.866717	-131992
7.883383	-134190
7.90005	-136992
7.916717	-140814
7.933383	-144645
7.95005	-147685
7.966717	-148704
7.983383	-146553
8.00005	-141638
8.016717	-135415
8.033383	-130440
8.05005	-127772
8.066717	-126495
8.083383	-126111
8.10005	-127033
8.116717	-129105
8.133383	-131147
8.15005	-133713
8.166717	-137416
8.183383	-142136
8.20005	-147223
8.216717	-151884
8.233383	-155007
8.25005	-157318
8.266717	-159371
8.283383	-162151
8.30005	-165560
8.316717	-168953
8.333383	-171489
8.35005	-172857
8.366717	-172412
8.383383	-170611
8.40005	-168996
8.416717	-167702
8.433383	-165916
8.45005	-163347
8.466717	-159851
8.483383	-156364
8.50005	-153903
8.516717	-152419
8.533383	-151549
8.55005	-150383
8.566717	-149546
8.583383	-151072
8.60005	-153852
8.616717	-156829
8.633383	-159505
8.65005	-160809
8.666717	-161835
8.683383	-164003
8.70005	-166872
8.716717	-169476
8.733383	-171650
8.75005	-172686
8.766717	-171904
8.783383	-169942
8.80005	-168415
8.816717	-168947
8.833383	-171530
8.85005	-174360
8.866717	-175431
8.883383	-174366
8.90005	-172322
8.916717	-170060
8.933383	-167795
8.95005	-165258
8.966717	-160973
8.983383	-155438
9.00005	-151044
9.016717	-149056
9.033383	-150245
9.05005	-153761
9.066717	-157123
9.083383	-158332
9.10005	-156695
9.116717	-152427
9.133383	-145471
9.15005	-137228
9.166717	-130308
9.183383	-126585
9.20005	-127023
9.216717	-131395
9.233383	-138403
9.25005	-145878
9.266717	-151429
9.283383	-152648
9.30005	-148794
9.316717	-140474
9.333383	-129494
9.35005	-119497
9.366717	-113489
9.383383	-112293
9.40005	-115051
9.416717	-120273
9.433383	-125794
9.45005	-130740
9.466717	-135677
9.483383	-141804
9.50005	-149829
9.516717	-159377
9.533383	-168436
9.55005	-174294
9.566717	-175612
9.583383	-171838
9.60005	-164254
9.616717	-156146
9.633383	-149762
9.65005	-146235
9.666717	-145886
9.683383	-148414
9.70005	-153164
9.716717	-159170
9.733383	-165913
9.75005	-171874
9.766717	-175283
9.783383	-175282
9.80005	-172584
9.816717	-169128
9.833383	-166158
9.85005	-165261
9.866717	-166613
9.883383	-169531
9.90005	-172616
9.916717	-174415
9.933383	-173848
9.95005	-170065
9.966717	-163638
9.983383	-155892
10.00005	-148719
10.016717	-144055
10.033383	-142719
10.05005	-144391
10.066717	-147492
10.083383	-150639
10.10005	-153896
10.116717	-156844
10.133383	-157957
10.15005	-156371
10.166717	-152958
10.183383	-149387
10.20005	-146049
10.216717	-142986
10.233383	-139856
10.25005	-137061
10.266717	-136250
10.283383	-138298
10.30005	-143133
10.316717	-149587
10.333383	-156173
10.35005	-163335
10.366717	-170979
10.383383	-178774
10.40005	-186350
10.416717	-193377
10.433383	-200030
10.45005	-204364
10.466717	-204146
10.483383	-199592
10.50005	-191762
10.516717	-182366
10.533383	-172499
10.55005	-164301
10.566717	-159613
10.583383	-157503
10.60005	-156638
10.616717	-157192
10.633383	-159414
10.65005	-162399
10.666717	-165199
10.683383	-166173
10.70005	-164655
10.716717	-160790
10.733383	-156580
10.75005	-154152
10.766717	-154257
10.783383	-155334
10.80005	-156392
10.816717	-156168
10.833383	-154709
10.85005	-153250
10.866717	-151024
10.883383	-148185
10.90005	-145814
10.916717	-145213
10.933383	-146557
10.95005	-148305
10.966717	-149243
10.983383	-149791
11.00005	-150547
11.016717	-150105
11.033383	-146800
11.05005	-139492
11.066717	-128824
11.083383	-115006
11.10005	-99179
11.116717	-83239
11.133383	-67935
11.15005	-54185
11.166717	-43345
11.183383	-36361
11.20005	-33414
11.216717	-33703
11.233383	-36700
11.25005	-42698
11.266717	-51788
11.283383	-63622
11.30005	-77955
11.316717	-94108
11.333383	-109980
11.35005	-123583
11.366717	-134713
11.383383	-143732
11.40005	-150342
11.416717	-154175
11.433383	-156505
11.45005	-157604
11.466717	-156376
11.483383	-153596
11.50005	-151228
11.516717	-150613
11.533383	-151915
11.55005	-154731
11.566717	-158528
11.583383	-162628
11.60005	-167083
11.616717	-172952
11.633383	-181599
11.65005	-193252
11.666717	-205122
11.683383	-213927
11.70005	-217279
11.716717	-212928
11.733383	-201669
11.75005	-186812
11.766717	-171976
11.783383	-159102
11.80005	-148932
11.816717	-142086
11.833383	-138120
11.85005	-135995
11.866717	-135473
11.883383	-136237
11.90005	-138397
11.916717	-141414
11.933383	-145597
11.95005	-151374
11.966717	-158524
11.983383	-166627
12.00005	-174124
12.016717	-178684
12.033383	-178474
12.05005	-173948
12.066717	-166527
12.083383	-158411
12.10005	-150989
12.116717	-145663
12.133383	-142714
12.15005	-141765
12.166717	-141724
12.183383	-141990
12.20005	-142841
12.216717	-144132
12.233383	-145165
12.25005	-145916
12.266717	-146983
12.283383	-148852
12.30005	-152516
12.316717	-158951
12.333383	-167948
12.35005	-177501
12.366717	-184972
12.383383	-188561
12.40005	-187956
12.416717	-184562
12.433383	-179595
12.45005	-174355
12.466717	-170266
12.483383	-167245
12.50005	-164068
12.516717	-160198
12.533383	-154887
12.55005	-147241
12.566717	-137927
12.583383	-128651
12.60005	-121410
12.616717	-117750
12.633383	-119026
12.65005	-124912
12.666717	-132083
12.683383	-136879
12.70005	-139990
12.716717	-141983
12.733383	-142615
12.75005	-142490
12.766717	-142383
12.783383	-142863
12.80005	-144380
12.816717	-146156
12.833383	-147941
12.85005	-149849
12.866717	-153479
12.883383	-159681
12.90005	-168561
12.916717	-179488
12.933383	-190351
12.95005	-197791
12.966717	-201097
12.983383	-200920
13.00005	-198077
13.016717	-193535
13.033383	-188102
13.05005	-182358
13.066717	-177171
13.083383	-173999
13.10005	-173015
13.116717	-172844
13.133383	-173111
13.15005	-174453
13.166717	-176506
13.183383	-179344
13.20005	-183628
13.216717	-189234
13.233383	-194572
13.25005	-198478
13.266717	-199729
13.283383	-198307
13.30005	-194782
13.316717	-189253
13.333383	-180826
13.35005	-169712
13.366717	-157295
13.383383	-145291
13.40005	-135886
13.416717	-130832
13.433383	-130356
13.45005	-134035
13.466717	-140510
13.483383	-148322
13.50005	-156186
13.516717	-163156
13.533383	-168919
13.55005	-173598
13.566717	-176864
13.583383	-179016
13.60005	-180608
13.616717	-182469
13.633383	-184710
13.65005	-187167
13.666717	-189214
13.683383	-190317
13.70005	-189463
13.716717	-185658
13.733383	-179183
13.75005	-170813
13.766717	-161759
13.783383	-154519
13.80005	-151718
13.816717	-153604
13.833383	-158003
13.85005	-162414
13.866717	-165824
13.883383	-168337
13.90005	-170481
13.916717	-172090
13.933383	-172747
13.95005	-171840
13.966717	-170560
13.983383	-168688
14.00005	-164091
14.016717	-156818
14.033383	-148364
14.05005	-140321
14.066717	-134162
14.083383	-130406
14.10005	-129893
14.116717	-132276
14.133383	-136579
14.15005	-141612
14.166717	-146776
14.183383	-151007
14.20005	-154456
14.216717	-158454
14.233383	-163534
14.25005	-169030
14.266717	-174454
14.283383	-178112
14.30005	-179340
14.316717	-179505
14.333383	-179861
14.35005	-180649
14.366717	-181034
14.383383	-180317
14.40005	-179459
14.416717	-179404
14.433383	-180174
14.45005	-180316
14.466717	-178378
14.483383	-174066
14.50005	-168195
14.516717	-162110
14.533383	-156548
14.55005	-151018
14.566717	-145813
14.583383	-142933
14.60005	-143518
14.616717	-146948
14.633383	-152271
14.65005	-158760
14.666717	-165796
14.683383	-172088
14.70005	-175468
14.716717	-174745
14.733383	-169896
14.75005	-161644
14.766717	-152179
14.783383	-144170
14.80005	-138591
14.816717	-134206
14.833383	-129903
14.85005	-126489
14.866717	-125053
14.883383	-125867
14.90005	-129273
14.916717	-135546
14.933383	-142809
14.95005	-148876
14.966717	-153447
14.983383	-156200
15.00005	-157410
15.016717	-157391
15.033383	-156285
15.05005	-154997
15.066717	-155143
15.083383	-156449
15.10005	-156734
15.116717	-153961
15.133383	-148313
15.15005	-141082
15.166717	-135224
15.183383	-133074
15.20005	-134750
15.216717	-140094
15.233383	-147574
15.25005	-155645
15.266717	-162742
15.283383	-168145
15.30005	-172279
15.316717	-176153
15.333383	-178393
15.35005	-177622
15.366717	-174817
15.383383	-172101
15.40005	-170285
15.416717	-167687
15.433383	-163900
15.45005	-160885
15.466717	-159878
15.483383	-161106
15.50005	-162849
15.516717	-165310
15.533383	-168885
15.55005	-172679
15.566717	-176583
15.583383	-180847
15.60005	-185961
15.616717	-192295
15.633383	-198756
15.65005	-203318
15.666717	-205082
15.683383	-203572
15.70005	-197940
15.716717	-189458
15.733383	-180356
15.75005	-171695
15.766717	-164853
15.783383	-160547
15.80005	-159206
15.816717	-159998
15.833383	-160118
15.85005	-159228
15.866717	-157403
15.883383	-154444
15.90005	-149918
15.916717	-143959
15.933383	-137849
15.95005	-132881
15.966717	-130823
15.983383	-132240
16.00005	-136732
16.016717	-144900
16.033383	-155892
16.05005	-168098
16.066717	-180638
16.083383	-192776
16.10005	-203864
16.116717	-211856
16.133383	-215399
16.15005	-215478
16.166717	-212442
16.183383	-207502
16.20005	-202295
16.216717	-197915
16.233383	-196042
16.25005	-197077
16.266717	-200138
16.283383	-204591
16.30005	-209496
16.316717	-213501
16.333383	-216161
16.35005	-216403
16.366717	-213115
16.383383	-206159
16.40005	-195166
16.416717	-181312
16.433383	-165944
16.45005	-151355
16.466717	-140075
16.483383	-132230
16.50005	-127640
16.516717	-126552
16.533383	-128403
16.55005	-132811
16.566717	-139356
16.583383	-147092
16.60005	-155266
16.616717	-163456
16.633383	-171077
16.65005	-176821
16.666717	-179036
16.683383	-177978
16.70005	-175079
16.716717	-170759
16.733383	-165477
16.75005	-160445
16.766717	-156738
16.783383	-154398
16.80005	-153834
16.816717	-154287
16.833383	-153739
16.85005	-150325
16.866717	-142788
16.883383	-131979
16.90005	-119619
16.916717	-106090
16.933383	-92283
16.95005	-80535
16.966717	-73390
16.983383	-71650
17.00005	-75273
17.016717	-84527
17.033383	-100357
17.05005	-119779
17.066717	-137893
17.083383	-151028
17.10005	-157808
17.116717	-158792
17.133383	-156264
17.15005	-153813
17.166717	-153041
17.183383	-153008
17.20005	-152059
17.216717	-149411
17.233383	-145227
17.25005	-139762
17.266717	-134245
17.283383	-130094
17.30005	-128656
17.316717	-131138
17.333383	-136102
17.35005	-140668
17.366717	-141004
17.383383	-133608
17.40005	-118289
17.416717	-96603
17.433383	-70219
17.45005	-40422
17.466717	-9197
17.483383	19886
17.50005	42407
17.516717	54355
17.533383	54239
17.55005	44155
17.566717	27742
17.583383	8141
17.60005	-13841
17.616717	-37729
17.633383	-62081
17.65005	-84434
17.666717	-102545
17.683383	-116744
17.70005	-128981
17.716717	-140999
17.733383	-154006
17.75005	-167294
17.766717	-178943
17.783383	-185964
17.80005	-186964
17.816717	-182997
17.833383	-176461
17.85005	-170540
17.866717	-167204
17.883383	-165289
17.90005	-163111
17.916717	-159270
17.933383	-154759
17.95005	-150890
17.966717	-148813
17.983383	-147889
18.00005	-147133
18.016717	-147159
18.033383	-147548
18.05005	-148176
18.066717	-149243
18.083383	-151141
18.10005	-153893
18.116717	-157963
18.133383	-163966
18.15005	-170893
18.166717	-177369
18.183383	-182071
18.20005	-184298
18.216717	-183316
18.233383	-179233
18.25005	-172615
18.266717	-164009
18.283383	-154739
18.30005	-145990
18.316717	-140257
18.333383	-137761
18.35005	-137154
18.366717	-136777
18.383383	-136013
18.40005	-134360
18.416717	-131491
18.433383	-128789
18.45005	-127257
18.466717	-126662
18.483383	-127455
18.50005	-130351
18.516717	-134837
18.533383	-140398
18.55005	-145839
18.566717	-150023
18.583383	-152329
18.60005	-153357
18.616717	-153777
18.633383	-153404
18.65005	-152374
18.666717	-149546
18.683383	-143950
18.70005	-136110
18.716717	-126789
18.733383	-117492
18.75005	-110224
18.766717	-107045
18.783383	-108085
18.80005	-111166
18.816717	-113161
18.833383	-112617
18.85005	-107979
18.866717	-96858
18.883383	-76223
18.90005	-42458
18.916717	8113
18.933383	78073
18.95005	168408
18.966717	281929
18.983383	426302
19.00005	613959
19.016717	864663
19.033383	1206139
19.05005	1669014
19.066717	2276726
19.083383	3030187
19.10005	3899181
19.116717	4826814
19.133383	5733127
19.15005	6527053
19.166717	7122167
19.183383	7453012
19.20005	7488817
19.216717	7234045
19.233383	6724314
19.25005	6019158
19.266717	5191392
19.283383	4315865
19.30005	3457845
19.316717	2666286
19.333383	1973509
19.35005	1396216
19.366717	936949
19.383383	586992
19.40005	331434
19.416717	154090
19.433383	38426
19.45005	-31746
19.466717	-69855
19.483383	-86080
19.50005	-89650
19.516717	-87526
19.533383	-82473
19.55005	-76058
19.566717	-70639
19.583383	-66447
19.60005	-60568
19.616717	-50911
19.633383	-37559
19.65005	-21946
19.666717	-6147
19.683383	9092
19.70005	21958
19.716717	28631
19.733383	28606
19.75005	23993
19.766717	15816
19.783383	5032
19.80005	-7165
19.816717	-20251
19.833383	-34557
19.85005	-50792
19.866717	-68134
19.883383	-84659
19.90005	-98610
19.916717	-109219
19.933383	-116847
19.95005	-123289
19.966717	-129144
19.983383	-134134
20.00005	-138278
20.016717	-141691
20.033383	-145179
20.05005	-149426
20.066717	-153603
20.083383	-155300
20.10005	-153489
20.116717	-147673
20.133383	-137177
20.15005	-120915
20.166717	-98258
20.183383	-69570
20.20005	-36393
20.216717	1116
20.233383	44352
20.25005	97452
20.266717	168151
20.283383	266371
20.30005	400261
20.316717	572672
20.333383	781304
20.35005	1018881
20.366717	1270202
20.383383	1514284
20.40005	1728712
20.416717	1891671
20.433383	1987792
20.45005	2012033
20.466717	1971574
20.483383	1882969
20.50005	1767673
20.516717	1649395
20.533383	1548085
20.55005	1474846
20.566717	1430824
20.583383	1408291
20.60005	1393846
20.616717	1372654
20.633383	1332922
20.65005	1267576
20.666717	1174678
20.683383	1060034
20.70005	934199
20.716717	809587
20.733383	696342
20.75005	601626
20.766717	529488
20.783383	478854
20.80005	445446
20.816717	424431
20.833383	409300
20.85005	393496
20.866717	373663
20.883383	347316
20.90005	312408
20.916717	267862
20.933383	215712
20.95005	159752
20.966717	104026
20.983383	51654
21.00005	4579
21.016717	-35318
21.033383	-65833
21.05005	-87537
21.066717	-102581
21.083383	-113134
21.10005	-120248
21.116717	-123324
21.133383	-121851
21.15005	-116894
21.166717	-108539
21.183383	-96672
21.20005	-82944
21.216717	-68866
21.233383	-54471
21.25005	-40397
21.266717	-29051
21.283383	-22159
21.30005	-19376
21.316717	-20263
21.333383	-24484
21.35005	-32379
21.366717	-44223
21.383383	-59560
21.40005	-77223
21.416717	-96350
21.433383	-115746
21.45005	-133591
21.466717	-148676
21.483383	-160364
21.50005	-168293
21.516717	-171835
21.533383	-170775
21.55005	-164737
21.566717	-155214
21.583383	-145295
21.60005	-137794
21.616717	-133784
21.633383	-133762
21.65005	-137854
21.666717	-145246
21.683383	-154222
21.70005	-164858
21.716717	-176876
21.733383	-188506
21.75005	-198292
21.766717	-202692
21.783383	-199841
21.80005	-190438
21.816717	-175831
21.833383	-157901
21.85005	-137844
21.866717	-113835
21.883383	-83325
21.90005	-44435
21.916717	2818
21.933383	56026
21.95005	111642
21.966717	165439
21.983383	211626
22.00005	244957
22.016717	263117
22.033383	265062
22.05005	251701
22.066717	225905
22.083383	191240
22.10005	152404
22.116717	115298
22.133383	85896
22.15005	72345
22.166717	86616
22.183383	144524
22.20005	266799
22.216717	477315
22.233383	803805
22.25005	1273271
22.266717	1899108
22.283383	2673977
22.30005	3560921
22.316717	4492607
22.333383	5384470
22.35005	6147947
22.366717	6705891
22.383383	7002773
22.40005	7014014
22.416717	6750384
22.433383	6251549
22.45005	5577820
22.466717	4799287
22.483383	3984773
22.50005	3192612
22.516717	2466820
22.533383	1836198
22.55005	1314314
22.566717	901728
22.583383	589991
22.60005	365605
22.616717	214113
22.633383	121938
22.65005	77943
22.666717	75887
22.683383	114955
22.70005	198272
22.716717	332354
22.733383	523140
22.75005	771104
22.766717	1067769
22.783383	1393884
22.80005	1721088
22.816717	2016693
22.833383	2250284
22.85005	2397833
22.866717	2445392
22.883383	2391912
22.90005	2248652
22.916717	2034285
22.933383	1773403
22.95005	1491708
22.966717	1211611
22.983383	950195
23.00005	716612
23.016717	516275
23.033383	353740
23.05005	231463
23.066717	148422
23.083383	100900
23.10005	82322
23.116717	85614
23.133383	105319
23.15005	137305
23.166717	179141
23.183383	230100
23.20005	291565
23.216717	365484
23.233383	455145
23.25005	566137
23.266717	703409
23.283383	867745
23.30005	1054000
23.316717	1250508
23.333383	1440105
23.35005	1601949
23.366717	1715566
23.383383	1766833
23.40005	1751371
23.416717	1673575
23.433383	1543727
23.45005	1377368
23.466717	1193046
23.483383	1008488
23.50005	838018
23.516717	692084
23.533383	578784
23.55005	502619
23.566717	464113
23.583383	461326
23.60005	490048
23.616717	542209
23.633383	607009
23.65005	674223
23.666717	735086
23.683383	782986
23.70005	812883
23.716717	824951
23.733383	827455
23.75005	833597
23.766717	858929
23.783383	918107
23.80005	1022517
23.816717	1176013
23.833383	1375135
23.85005	1606911
23.866717	1849857
23.883383	2077247
23.90005	2261307
23.916717	2378766
23.933383	2415398
23.95005	2368211
23.966717	2243746
23.983383	2055239
24.00005	1821580
24.016717	1564109
24.033383	1301873
24.05005	1050351
24.066717	819967
24.083383	617838
24.10005	447769
24.116717	311370
24.133383	206762
24.15005	130157
24.166717	76167
24.183383	40277
24.20005	19852
24.216717	13523
24.233383	23325
24.25005	53365
24.266717	108798
24.283383	191037
24.30005	300953
24.316717	437505
24.333383	594434
24.35005	759109
24.366717	916407
24.383383	1052265
24.40005	1153846
24.416717	1210304
24.433383	1216397
24.45005	1172628
24.466717	1085349
24.483383	966386
24.50005	828918
24.516717	684381
24.533383	542202
24.55005	409428
24.566717	291440
24.583383	192444
24.60005	113883
24.616717	54595
24.633383	11536
24.65005	-19033
24.666717	-40604
24.683383	-54417
24.70005	-61795
24.716717	-63779
24.733383	-61377
24.75005	-55377
24.766717	-44718
24.783383	-27184
24.80005	-1927
24.816717	30015
24.833383	65543
24.85005	100443
24.866717	130831
24.883383	153997
24.90005	169245
24.916717	177757
24.933383	181024
24.95005	181054
24.966717	180399
24.983383	181483
25.00005	186081
25.016717	195390
25.033383	210212
25.05005	230134
25.066717	251583
25.083383	270396
25.10005	283487
25.116717	290484
25.133383	293339
25.15005	293534
25.166717	293374
25.183383	295532
25.20005	303397
25.216717	319214
25.233383	344141
25.25005	380584
25.266717	433211
25.283383	507615
25.30005	606129
25.316717	725469
25.333383	857528
25.35005	991895
25.366717	1115314
25.383383	1213688
25.40005	1274947
25.416717	1290384
25.433383	1256343
25.45005	1177415
25.466717	1064089
25.483383	929361
25.50005	785030
25.516717	640898
25.533383	505782
25.55005	385223
25.566717	282393
25.583383	201343
25.60005	147963
25.616717	131281
25.633383	163003
25.65005	257567
25.666717	430953
25.683383	699059
25.70005	1072986
25.716717	1555113
25.733383	2133816
25.75005	2775263
25.766717	3430084
25.783383	4039263
25.80005	4542032
25.816717	4886666
25.833383	5039244
25.85005	4990333
25.866717	4755755
25.883383	4370403
25.90005	3878834
25.916717	3327212
25.933383	2758032
25.95005	2207908
25.966717	1704571
25.983383	1265618
26.00005	898939
26.016717	605789
26.033383	382625
26.05005	221704
26.066717	112699
26.083383	44624
26.10005	7380
26.116717	-7660
26.133383	-6340
26.15005	6725
26.166717	27064
26.183383	51074
26.20005	77945
26.216717	109217
26.233383	148101
26.25005	197831
26.266717	261845
26.283383	342482
26.30005	438355
26.316717	543866
26.333383	653042
26.35005	761413
26.366717	864424
26.383383	957037
26.40005	1037691
26.416717	1111627
26.433383	1186610
26.45005	1269019
26.466717	1362172
26.483383	1467966
26.50005	1583155
26.516717	1698548
26.533383	1800982
26.55005	1876782
26.566717	1914085
26.583383	1909321
26.60005	1867236
26.616717	1798280
26.633383	1717212
26.65005	1641239
26.666717	1585484
26.683383	1559317
26.70005	1564214
26.716717	1594015
26.733383	1634734
26.75005	1668104
26.766717	1677941
26.783383	1652408
26.80005	1585812
26.816717	1478102
26.833383	1334157
26.85005	1163328
26.866717	979864
26.883383	798813
26.90005	633660
26.916717	493113
26.933383	380857
26.95005	296332
26.966717	236284
26.983383	196626
27.00005	173772
27.016717	165175
27.033383	168978
27.05005	185227
27.066717	213724
27.083383	252109
27.10005	297669
27.116717	347540
27.133383	398564
27.15005	447973
27.166717	492341
27.183383	529574
27.20005	558645
27.216717	580752
27.233383	596299
27.25005	605606
27.266717	608372
27.283383	602558
27.30005	587366
27.316717	563172
27.333383	530491
27.35005	489743
27.366717	442187
27.383383	391140
27.40005	341515
27.416717	297844
27.433383	261586
27.45005	232214
27.466717	207457
27.483383	185889
27.50005	168214
27.516717	155124
27.533383	145985
27.55005	140256
27.566717	138453
27.583383	141636
27.60005	149525
27.616717	161745
27.633383	178762
27.65005	201449
27.666717	229191
27.683383	259850
27.70005	290123
27.716717	317161
27.733383	340086
27.75005	359719
27.766717	379479
27.783383	406216
27.80005	450967
27.816717	526932
27.833383	649767
27.85005	836588
27.866717	1104023
27.883383	1466318
27.90005	1934380
27.916717	2514351
27.933383	3209063
27.95005	4023478
27.966717	4975876
27.983383	6106269
28.00005	7471158
28.016717	9132401
28.033383	11134780
28.05005	13477181
28.066717	16083945
28.083383	18797761
28.10005	21389950
28.116717	23598936
28.133383	25178375
28.15005	25942883
28.166717	25804660
28.183383	24784393
28.20005	22997338
28.216717	20628325
28.233383	17898689
28.25005	15033493
28.266717	12231561
28.283383	9646336
28.30005	7379573
28.316717	5483208
28.333383	3966921
28.35005	2806736
28.366717	1958079
28.383383	1364968
28.40005	969320
28.416717	717729
28.433383	566107
28.45005	480176
28.466717	433208
28.483383	406260
28.50005	388655
28.516717	374988
28.533383	361935
28.55005	347543
28.566717	332157
28.583383	317461
28.60005	305169
28.616717	298253
28.633383	301321
28.65005	317576
28.666717	348498
28.683383	394733
28.70005	455043
28.716717	524485
28.733383	597113
28.75005	667707
28.766717	730685
28.783383	780980
28.80005	816730
28.816717	839185
28.833383	851990
28.85005	861168
28.866717	872663
28.883383	891870
28.90005	923537
28.916717	973112
28.933383	1044431
28.95005	1137664
28.966717	1249357
28.983383	1371950
29.00005	1494847
29.016717	1604673
29.033383	1687730
29.05005	1732984
29.066717	1733577
29.083383	1689430
29.10005	1607764
29.116717	1501454
29.133383	1385913
29.15005	1281825
29.166717	1211939
29.183383	1199760
29.20005	1270869
29.216717	1453447
29.233383	1774567
29.25005	2253618
29.266717	2894796
29.283383	3683644
29.30005	4584626
29.316717	5538147
29.333383	6463805
29.35005	7274854
29.366717	7893991
29.383383	8266333
29.40005	8366506
29.416717	8199227
29.433383	7795121
29.45005	7205299
29.466717	6490830
29.483383	5711395
29.50005	4920167
29.516717	4160061
29.533383	3460045
29.55005	2835623
29.566717	2293478
29.583383	1834156
29.60005	1454024
29.616717	1146985
29.633383	904151
29.65005	716729
29.666717	576294
29.683383	474852
29.70005	405195
29.716717	359727
29.733383	331962
29.75005	318090
29.766717	317204
29.783383	330237
29.80005	359954
29.816717	410708
29.833383	487253
29.85005	592481
29.866717	726556
29.883383	888054
29.90005	1072640
29.916717	1272746
29.933383	1480211
29.95005	1687551
29.966717	1890958
29.983383	2092397
30.00005	2301249
30.016717	2536144
30.033383	2825056
30.05005	3197997
30.066717	3685595
30.083383	4314744
30.10005	5102880
30.116717	6049719
30.133383	7135030
30.15005	8316187
30.166717	9527377
30.183383	10684821
30.20005	11694378
30.216717	12460788
30.233383	12905834
30.25005	12979744
30.266717	12669090
30.283383	11998646
30.30005	11027965
30.316717	9840916
30.333383	8532680
30.35005	7196708
30.366717	5912941
30.383383	4741454
30.40005	3721900
30.416717	2874560
30.433383	2202390
30.45005	1693859
30.466717	1326585
30.483383	1073304
30.50005	907621
30.516717	805720
30.533383	745234
30.55005	706652
30.566717	677143
30.583383	650868
30.60005	627417
30.616717	608818
30.633383	597708
30.65005	594901
30.666717	598747
30.683383	604310
30.70005	606527
30.716717	601840
30.733383	589734
30.75005	570293
30.766717	542607
30.783383	507327
30.80005	466660
30.816717	424420
30.833383	386259
30.85005	357282
30.866717	339294
30.883383	330931
30.90005	330023
30.916717	335126
30.933383	343558
30.95005	352287
30.966717	357348
30.983383	355515
31.00005	345630
31.016717	328819
31.033383	308077
31.05005	286683
31.066717	268275
31.083383	258810
31.10005	266669
31.116717	298722
31.133383	357989
31.15005	442422
31.166717	548819
31.183383	673517
31.20005	810011
31.216717	947482
31.233383	1073795
31.25005	1179614
31.266717	1263811
31.283383	1336426
31.30005	1424011
31.316717	1580223
31.333383	1901734
31.35005	2547160
31.366717	3748650
31.383383	5814272
31.40005	9112363
31.416717	14025863
31.433383	20870442
31.45005	29795326
31.466717	40673860
31.483383	53034024
31.50005	66054667
31.516717	78646576
31.533383	89620667
31.55005	97887045
31.566717	102635235
31.583383	103467291
31.60005	100442578
31.616717	94029709
31.633383	84997518
31.65005	74275193
31.666717	62812060
31.683383	51456164
31.70005	40875089
31.716717	31521353
31.733383	23637679
31.75005	17283591
31.766717	12375930
31.783383	8738870
31.80005	6153478
31.816717	4391876
31.833383	3241535
31.85005	2518633
31.866717	2078709
31.883383	1816438
31.90005	1657873
31.916717	1554614
31.933383	1478239
31.95005	1414437
31.966717	1355898
31.983383	1297293
32.00005	1235689
32.016717	1169951
32.033383	1098665
32.05005	1020629
32.066717	936484
32.083383	847257
32.10005	755743
32.116717	666520
32.133383	582451
32.15005	505919
32.166717	439943
32.183383	386062
32.20005	344539
32.216717	317516
32.233383	307374
32.25005	317667
32.266717	353550
32.283383	421194
32.30005	526572
32.316717	674164
32.333383	869546
32.35005	1118436
32.366717	1421661
32.383383	1773077
32.40005	2161610
32.416717	2574569
32.433383	2997902
32.45005	3419192
32.466717	3832045
32.483383	4242463
32.50005	4671020
32.516717	5148389
32.533383	5709069
32.55005	6384140
32.566717	7188438
32.583383	8106246
32.60005	9085763
32.616717	10042679
32.633383	10873963
32.65005	11478951
32.666717	11777655
32.683383	11722140
32.70005	11307673
32.716717	10573072
32.733383	9588824
32.75005	8443487
32.766717	7229834
32.783383	6035208
32.80005	4934576
32.816717	3986012
32.833383	3230085
32.85005	2690472
32.866717	2375563
32.883383	2282365
32.90005	2398608
32.916717	2699355
32.933383	3144953
32.95005	3681198
32.966717	4243625
32.983383	4763843
33.00005	5178981
33.016717	5438966
33.033383	5513684
33.05005	5395103
33.066717	5097725
33.083383	4654722
33.10005	4110289
33.116717	3514289
33.133383	2913113
33.15005	2343727
33.166717	1832543
33.183383	1394792
33.20005	1037903
33.216717	760821
33.233383	555744
33.25005	412155
33.266717	320999
33.283383	275339
33.30005	268411
33.316717	294965
33.333383	354241
33.35005	447688
33.366717	575551
33.383383	740332
33.40005	946642
33.416717	1193962
33.433383	1475418
33.45005	1778953
33.466717	2086846
33.483383	2378637
33.50005	2631891
33.516717	2823434
33.533383	2934438
33.55005	2954085
33.566717	2882131
33.583383	2726760
33.60005	2503229
33.616717	2232816
33.633383	1940039
33.65005	1649109
33.666717	1379044
33.683383	1140757
33.70005	938585
33.716717	773968
33.733383	649797
33.75005	568955
33.766717	529932
33.783383	525127
33.80005	544354
33.816717	578843
33.833383	620136
33.85005	658854
33.866717	686206
33.883383	697120
33.90005	690135
33.916717	667318
33.933383	632374
33.95005	590088
33.966717	544431
33.983383	498393
34.00005	455154
34.016717	418185
34.033383	389502
34.05005	370673
34.066717	362298
34.083383	364538
34.10005	378262
34.116717	402620
34.133383	432858
34.15005	462313
34.166717	485283
34.183383	498798
34.20005	500733
34.216717	489407
34.233383	466615
34.25005	436464
34.266717	403965
34.283383	373561
34.30005	348359
34.316717	329916
34.333383	318051
34.35005	313000
34.366717	313361
34.383383	316895
34.40005	322067
34.416717	327767
34.433383	334072
34.45005	341618
34.466717	350432
34.483383	361347
34.50005	377338
34.516717	403581
34.533383	446960
34.55005	514925
34.566717	613124
34.583383	744163
34.60005	907447
34.616717	1098780
34.633383	1306773
34.65005	1515747
34.666717	1708642
34.683383	1870672
34.70005	1992140
34.716717	2066138
34.733383	2089235
34.75005	2061204
34.766717	1987307
34.783383	1875178
34.80005	1734614
34.816717	1576329
34.833383	1409943
34.85005	1242727
34.866717	1080098
34.883383	926599
34.90005	786022
34.916717	661512
34.933383	555704
34.95005	469630
34.966717	403561
34.983383	358853
35.00005	337285
35.016717	338320
35.033383	363951
35.05005	419193
35.066717	508298
35.083383	634293
35.10005	796595
35.116717	991999
35.133383	1214921
35.15005	1456546
35.166717	1707278
35.183383	1956180
35.20005	2191183
35.216717	2397992
35.233383	2563163
35.25005	2672741
35.266717	2715595
35.283383	2686719
35.30005	2588470
35.316717	2428101
35.333383	2216223
35.35005	1967967
35.366717	1703099
35.383383	1441568
35.40005	1200435
35.416717	991605
35.433383	821662
35.45005	692577
35.466717	604726
35.483383	556683
35.50005	544530
35.516717	562400
35.533383	604329
35.55005	665287
35.566717	740174
35.583383	820054
35.60005	892949
35.616717	948646
35.633383	979507
35.65005	979733
35.666717	948832
35.683383	891237
35.70005	813224
35.716717	721943
35.733383	625085
35.75005	529158
35.766717	438545
35.783383	356380
35.80005	285246
35.816717	226973
35.833383	182652
35.85005	151623
35.866717	132244
35.883383	121305
35.90005	116458
35.916717	117792
35.933383	125836
35.95005	139401
35.966717	155605
35.983383	171739
36.00005	185914
36.016717	197513
36.033383	205632
36.05005	209098
36.066717	207645
36.083383	203920
36.10005	204778
36.116717	219725
36.133383	259298
36.15005	338451
36.166717	480313
36.183383	722010
36.20005	1116393
36.216717	1725069
36.233383	2608839
36.25005	3813285
36.266717	5353423
36.283383	7194091
36.30005	9245411
36.316717	11367015
36.333383	13379739
36.35005	15093808
36.366717	16342041
36.383383	17006914
36.40005	17035472
36.416717	16448932
36.433383	15333405
36.45005	13820126
36.466717	12061682
36.483383	10209632
36.50005	8396821
36.516717	6727711
36.533383	5273539
36.55005	4071596
36.566717	3129074
36.583383	2429577
36.60005	1941199
36.616717	1624549
36.633383	1437397
36.65005	1338406
36.666717	1291679
36.683383	1271863
36.70005	1263164
36.716717	1256627
36.733383	1248867
36.75005	1238854
36.766717	1226616
36.783383	1213027
36.80005	1199988
36.816717	1187200
36.833383	1171166
36.85005	1147772
36.866717	1113169
36.883383	1064302
36.90005	999653
36.916717	921026
36.933383	833103
36.95005	741922
36.966717	655063
36.983383	581665
37.00005	529826
37.016717	505839
37.033383	514139
37.05005	557216
37.066717	634056
37.083383	739808
37.10005	864929
37.116717	996255
37.133383	1119579
37.15005	1222193
37.166717	1294031
37.183383	1328686
37.20005	1322961
37.216717	1277805
37.233383	1198297
37.25005	1091283
37.266717	965797
37.283383	833949
37.30005	709461
37.316717	603462
37.333383	526217
37.35005	491537
37.366717	516463
37.383383	618913
37.40005	817500
37.416717	1129815
37.433383	1565206
37.45005	2119948
37.466717	2773454
37.483383	3486868
37.50005	4204596
37.516717	4861293
37.533383	5392043
37.55005	5746333
37.566717	5895499
37.583383	5836534
37.60005	5595716
37.616717	5225493
37.633383	4793328
37.65005	4375932
37.666717	4053349
37.683383	3895492
37.70005	3951645
37.716717	4243291
37.733383	4759330
37.75005	5452449
37.766717	6243071
37.783383	7032437
37.80005	7717272
37.816717	8206953
37.833383	8438356
37.85005	8383784
37.866717	8050300
37.883383	7476125
37.90005	6721646
37.916717	5859579
37.933383	4962849
37.95005	4094474
37.966717	3302700
37.983383	2619088
38.00005	2060445
38.016717	1630142
38.033383	1324752
38.05005	1133619
38.066717	1041267
38.083383	1029483
38.10005	1079328
38.116717	1171238
38.133383	1285355
38.15005	1403748
38.166717	1511673
38.183383	1601313
38.20005	1668821
38.216717	1712982
38.233383	1735415
38.25005	1736522
38.266717	1714555
38.283383	1667747
38.30005	1596382
38.316717	1500861
38.333383	1382492
38.35005	1247690
38.366717	1104727
38.383383	961756
38.40005	827365
38.416717	708200
38.433383	610080
38.45005	539965
38.466717	501786
38.483383	494388
38.50005	513220
38.516717	551435
38.533383	599769
38.55005	649301
38.566717	691955
38.583383	721204
38.60005	733061
38.616717	726704
38.633383	704018
38.65005	667614
38.666717	620431
38.683383	566387
38.70005	510064
38.716717	454068
38.733383	401894
38.75005	357676
38.766717	324135
38.783383	300295
38.80005	283354
38.816717	270186
38.833383	256723
38.85005	240359
38.866717	220487
38.883383	197480
38.90005	172680
38.916717	148137
38.933383	126216
38.95005	108152
38.966717	95374
38.983383	89180
39.00005	89022
39.016717	94081
39.033383	104420
39.05005	120166
39.066717	141938
39.083383	171229
39.10005	209234
39.116717	255404
39.133383	308194
39.15005	367576
39.166717	432828
39.183383	500969
39.20005	566827
39.216717	624483
39.233383	668567
39.25005	698046
39.266717	712999
39.283383	713422
39.30005	701284
39.316717	681510
39.333383	659474
39.35005	639702
39.366717	626075
39.383383	622472
39.40005	633006
39.416717	660807
39.433383	708226
39.45005	779607
39.466717	880513
39.483383	1012770
39.50005	1174144
39.516717	1358366
39.533383	1553861
39.55005	1743203
39.566717	1905187
39.583383	2020685
39.60005	2075189
39.616717	2060590
39.633383	1976417
39.65005	1832079
39.666717	1643683
39.683383	1428964
39.70005	1202850
39.716717	979380
39.733383	771491
39.75005	588172
39.766717	433393
39.783383	308422
39.80005	213554
39.816717	146809
39.833383	103953
39.85005	78947
39.866717	65713
39.883383	59873
39.90005	57948
39.916717	57973
39.933383	59531
39.95005	61677
39.966717	63416
39.983383	64560
40.00005	65528
40.016717	68109
40.033383	75411
40.05005	89282
40.066717	109789
40.083383	134512
40.10005	162027
40.116717	192055
40.133383	224027
40.15005	256769
40.166717	290208
40.183383	323410
40.20005	355400
40.216717	386398
40.233383	417867
40.25005	450497
40.266717	487068
40.283383	531275
40.30005	587203
40.316717	660951
40.333383	757312
40.35005	878434
40.366717	1022455
40.383383	1181928
40.40005	1344228
40.416717	1492811
40.433383	1613071
40.45005	1695718
40.466717	1736510
40.483383	1733826
40.50005	1689121
40.516717	1609563
40.533383	1505976
40.55005	1390803
40.566717	1274900
40.583383	1166172
40.60005	1069294
40.616717	987458
40.633383	922381
40.65005	873204
40.666717	837687
40.683383	811830
40.70005	790905
40.716717	769912
40.733383	743828
40.75005	710626
40.766717	669312
40.783383	619038
40.80005	560930
40.816717	498446
40.833383	435825
40.85005	376872
40.866717	324106
40.883383	279467
40.90005	244734
40.916717	221181
40.933383	209382
40.95005	208343
40.966717	216784
40.983383	232554
41.00005	252363
41.016717	272356
41.033383	289129
41.05005	300277
41.066717	304146
41.083383	299703
41.10005	285863
41.116717	263679
41.133383	236144
41.15005	205341
41.166717	175222
41.183383	149388
41.20005	129742
41.216717	116388
41.233383	107565
41.25005	102337
41.266717	101247
41.283383	104543
41.30005	112047
41.316717	124130
41.333383	141879
41.35005	167353
41.366717	201456
41.383383	242841
41.40005	289281
41.416717	339710
41.433383	394277
41.45005	453823
41.466717	518941
41.483383	589131
41.50005	662777
41.516717	738496
41.533383	813292
41.55005	881529
41.566717	936452
41.583383	972500
41.60005	983953
41.616717	966301
41.633383	919144
41.65005	845817
41.666717	751480
41.683383	642898
41.70005	527887
41.716717	414878
41.733383	310745
41.75005	220005
41.766717	145367
41.783383	87823
41.80005	46714
41.816717	20569
41.833383	6937
41.85005	3597
41.866717	7957
41.883383	17190
41.90005	29541
41.916717	44059
41.933383	61045
41.95005	81729
41.966717	107237
41.983383	136121
42.00005	165850
42.016717	194191
42.033383	218073
42.05005	235346
42.066717	244864
42.083383	247274
42.10005	245051
42.116717	241400
42.133383	236141
42.15005	228073
42.166717	217504
42.183383	204299
42.20005	188784
42.216717	173281
42.233383	161642
42.25005	154993
42.266717	152188
42.283383	152422
42.30005	155537
42.316717	160727
42.333383	166841
42.35005	171501
42.366717	172210
42.383383	167299
42.40005	156747
42.416717	140210
42.433383	116991
42.45005	88070
42.466717	56029
42.483383	22565
42.50005	-9306
42.516717	-35595
42.533383	-54859
42.55005	-68454
42.566717	-78354
42.583383	-86171
42.60005	-92764
42.616717	-98627
42.633383	-103187
42.65005	-105711
42.666717	-106495
42.683383	-105363
42.70005	-102358
42.716717	-97308
42.733383	-89114
42.75005	-76375
42.766717	-58228
42.783383	-33695
42.80005	-2172
42.816717	37278
42.833383	82963
42.85005	130090
42.866717	173572
42.883383	208121
42.90005	230754
42.916717	240309
42.933383	236946
42.95005	221405
42.966717	196510
42.983383	166136
43.00005	132589
43.016717	97948
43.033383	64386
43.05005	32741
43.066717	2980
43.083383	-24010
43.10005	-47607
43.116717	-68405
43.133383	-87372
43.15005	-105367
43.166717	-121668
43.183383	-135567
43.20005	-146976
43.216717	-155334
43.233383	-160694
43.25005	-164082
43.266717	-166598
43.283383	-169273
43.30005	-172724
43.316717	-176366
43.333383	-178892
43.35005	-178816
43.366717	-177401
43.383383	-177564
43.40005	-178824
43.416717	-180637
43.433383	-184022
43.45005	-189609
43.466717	-195469
43.483383	-200204
43.50005	-203495
43.516717	-204863
43.533383	-204071
43.55005	-202217
43.566717	-202109
43.583383	-205192
43.60005	-210120
43.616717	-214523
43.633383	-216769
43.65005	-215770
43.666717	-211359
43.683383	-203182
43.70005	-191828
43.716717	-180246
43.733383	-170209
43.75005	-162942
43.766717	-159241
43.783383	-159130
43.80005	-161407
43.816717	-163767
43.833383	-165182
43.85005	-165728
43.866717	-165603
43.883383	-164897
43.90005	-163192
43.916717	-160037
43.933383	-155061
43.95005	-148600
43.966717	-142619
43.983383	-138946
44.00005	-137666
44.016717	-138260
44.033383	-140263
44.05005	-143933
44.066717	-148629
44.083383	-154401
44.10005	-161236
44.116717	-167418
44.133383	-172927
44.15005	-176977
44.166717	-178789
44.183383	-178733
44.20005	-176325
44.216717	-172142
44.233383	-167239
44.25005	-161523
44.266717	-155530
44.283383	-151015
44.30005	-148231
44.316717	-147070
44.333383	-146605
44.35005	-146621
44.366717	-148181
44.383383	-151183
44.40005	-155299
44.416717	-160310
44.433383	-166242
44.45005	-172124
44.466717	-176505
44.483383	-177934
44.50005	-176426
44.516717	-174755
44.533383	-175582
44.55005	-179764
44.566717	-186310
44.583383	-194446
44.60005	-202937
44.616717	-208958
44.633383	-211222
44.65005	-209965
44.666717	-206650
44.683383	-203497
44.70005	-201870
44.716717	-201775
44.733383	-202590
44.75005	-203828
44.766717	-205021
44.783383	-204598
44.80005	-202021
44.816717	-198110
44.833383	-193726
44.85005	-189307
44.866717	-185108
44.883383	-180479
44.90005	-176262
44.916717	-173219
44.933383	-171235
44.95005	-169909
44.966717	-169868
44.983383	-171122
45.00005	-172269
45.016717	-172464
45.033383	-171168
45.05005	-168928
45.066717	-167936
45.083383	-170571
45.10005	-178394
45.116717	-191381
45.133383	-207366
45.15005	-224460
45.166717	-241453
45.183383	-256396
45.20005	-267631
45.216717	-273632
45.233383	-275464
45.25005	-274879
45.266717	-272722
45.283383	-269201
45.30005	-265610
45.316717	-262335
45.333383	-259666
45.35005	-258641
45.366717	-259372
45.383383	-261231
45.40005	-263047
45.416717	-263589
45.433383	-261591
45.45005	-255413
45.466717	-245351
45.483383	-233688
45.50005	-222589
45.516717	-214374
45.533383	-209643
45.55005	-208150
45.566717	-209134
45.583383	-212097
45.60005	-215830
45.616717	-218924
45.633383	-220937
45.65005	-221728
45.666717	-221031
45.683383	-219016
45.70005	-216486
45.716717	-213457
45.733383	-208884
45.75005	-202497
45.766717	-195047
45.783383	-187443
45.80005	-180392
45.816717	-175222
45.833383	-171259
45.85005	-167408
45.866717	-163522
45.883383	-160170
45.90005	-158016
45.916717	-157339
45.933383	-158030
45.95005	-160239
45.966717	-164323
45.983383	-169222
46.00005	-173644
46.016717	-177717
46.033383	-182668
46.05005	-189627
46.066717	-198836
46.083383	-208209
46.10005	-214431
46.116717	-217146
46.133383	-217942
46.15005	-217801
46.166717	-217353
46.183383	-216672
46.20005	-215291
46.216717	-212622
46.233383	-207901
46.25005	-201997
46.266717	-195846
46.283383	-190653
46.30005	-188268
46.316717	-189632
46.333383	-194676
46.35005	-202885
46.366717	-212813
46.383383	-222053
46.40005	-228401
46.416717	-231351
46.433383	-231963
46.45005	-233286
46.466717	-236121
46.483383	-239934
46.50005	-244327
46.516717	-249138
46.533383	-253759
46.55005	-256873
46.566717	-258647
46.583383	-259158
46.60005	-257880
46.616717	-254373
46.633383	-248754
46.65005	-242264
46.666717	-235491
46.683383	-228641
46.70005	-221995
46.716717	-216179
46.733383	-212750
46.75005	-211955
46.766717	-211211
46.783383	-210247
46.80005	-209476
46.816717	-209089
46.833383	-210717
46.85005	-215341
46.866717	-222101
46.883383	-229707
46.90005	-237523
46.916717	-244453
46.933383	-249705
46.95005	-253181
46.966717	-255372
46.983383	-257167
47.00005	-258124
47.016717	-259092
47.033383	-260753
47.05005	-262860
47.066717	-264556
47.083383	-265609
47.10005	-266405
47.116717	-267905
47.133383	-270354
47.15005	-272298
47.166717	-272996
47.183383	-272914
47.20005	-271882
47.216717	-270089
47.233383	-268140
47.25005	-266203
47.266717	-264797
47.283383	-265043
47.30005	-266526
47.316717	-269508
47.333383	-274296
47.35005	-279958
47.366717	-286258
47.383383	-292823
47.40005	-297936
47.416717	-301530
47.433383	-303444
47.45005	-302868
47.466717	-298563
47.483383	-290265
47.50005	-279753
47.516717	-269416
47.533383	-261920
47.55005	-259466
47.566717	-261697
47.583383	-267328
47.60005	-275544
47.616717	-284959
47.633383	-293004
47.65005	-298538
47.666717	-301735
47.683383	-303369
47.70005	-303455
47.716717	-300731
47.733383	-294678
47.75005	-286440
47.766717	-277761
47.783383	-269047
47.80005	-260461
47.816717	-252696
47.833383	-246491
47.85005	-241333
47.866717	-237819
47.883383	-237324
47.90005	-240048
47.916717	-245114
47.933383	-251833
47.95005	-259624
47.966717	-266513
47.983383	-271924
48.00005	-276232
48.016717	-279996
48.033383	-282705
48.05005	-283806
48.066717	-284257
48.083383	-284548
48.10005	-284816
48.116717	-285012
48.133383	-283956
48.15005	-281013
48.166717	-278140
48.183383	-276830
48.20005	-277157
48.216717	-278213
48.233383	-279271
48.25005	-279066
48.266717	-276193
48.283383	-270410
48.30005	-263395
48.316717	-257741
48.333383	-254236
48.35005	-252406
48.366717	-252108
48.383383	-253306
48.40005	-256250
48.416717	-260720
48.433383	-264917
48.45005	-268428
48.466717	-271243
48.483383	-273262
48.50005	-275673
48.516717	-279259
48.533383	-284317
48.55005	-291048
48.566717	-298016
48.583383	-303617
48.60005	-308300
48.616717	-313564
48.633383	-319769
48.65005	-326039
48.666717	-329699
48.683383	-328642
48.70005	-323999
48.716717	-316732
48.733383	-307111
48.75005	-296164
48.766717	-285566
48.783383	-276879
48.80005	-271636
48.816717	-270959
48.833383	-274705
48.85005	-281382
48.866717	-288303
48.883383	-293663
48.90005	-298524
48.916717	-303869
48.933383	-308689
48.95005	-312861
48.966717	-316829
48.983383	-319929
49.00005	-321214
49.016717	-319884
49.033383	-315896
49.05005	-309977
49.066717	-302702
49.083383	-294969
49.10005	-287493
49.116717	-280497
49.133383	-274938
49.15005	-273205
49.166717	-276060
49.183383	-281990
49.20005	-288432
49.216717	-293236
49.233383	-295141
49.25005	-293156
49.266717	-288082
49.283383	-281366
49.30005	-273953
49.316717	-266737
49.333383	-261272
49.35005	-258109
49.366717	-256950
49.383383	-258898
49.40005	-264418
49.416717	-272524
49.433383	-282008
49.45005	-292045
49.466717	-300541
49.483383	-306301
49.50005	-309687
49.516717	-311148
49.533383	-311498
49.55005	-311999
49.566717	-312777
49.583383	-313909
49.60005	-315646
49.616717	-319475
49.633383	-325474
49.65005	-331508
49.666717	-336104
49.683383	-338790
49.70005	-339813
49.716717	-339876
49.733383	-340902
49.75005	-343654
49.766717	-347698
49.783383	-352107
49.80005	-355319
49.816717	-356354
49.833383	-355190
49.85005	-351808
49.866717	-346266
49.883383	-339759
49.90005	-333727
49.916717	-329430
49.933383	-328458
49.95005	-330223
49.966717	-332106
49.983383	-331945
50.00005	-330464
50.016717	-329142
50.033383	-328568
50.05005	-329020
50.066717	-330303
50.083383	-332020
50.10005	-333600
50.116717	-335170
50.133383	-335989
50.15005	-336110
50.166717	-335548
50.183383	-333480
50.20005	-329007
50.216717	-322464
50.233383	-314285
50.25005	-305139
50.266717	-296749
50.283383	-291050
50.30005	-288450
50.316717	-288443
50.333383	-290808
50.35005	-293855
50.366717	-295419
50.383383	-294956
50.40005	-293047
50.416717	-290053
50.433383	-286202
50.45005	-281046
50.466717	-275092
50.483383	-270338
50.50005	-268508
50.516717	-270210
50.533383	-274402
50.55005	-279260
50.566717	-282711
50.583383	-285064
50.60005	-287485
50.616717	-290375
50.633383	-294121
50.65005	-298311
50.666717	-302105
50.683383	-305805
50.70005	-308958
50.716717	-309487
50.733383	-306699
50.75005	-300670
50.766717	-292922
50.783383	-285187
50.80005	-279204
50.816717	-276931
50.833383	-279381
50.85005	-285750
50.866717	-295134
50.883383	-306087
50.90005	-316835
50.916717	-326021
50.933383	-333569
50.95005	-340396
50.966717	-346566
50.983383	-351579
51.00005	-354959
51.016717	-356346
51.033383	-356081
51.05005	-355108
51.066717	-353987
51.083383	-353793
51.10005	-355356
51.116717	-358101
51.133383	-360237
51.15005	-360590
51.166717	-359029
51.183383	-356474
51.20005	-353991
51.216717	-350903
51.233383	-346262
51.25005	-338970
51.266717	-328947
51.283383	-317138
51.30005	-305140
51.316717	-294954
51.333383	-288293
51.35005	-286358
51.366717	-289157
51.383383	-295718
51.40005	-304538
51.416717	-313755
51.433383	-321470
51.45005	-326372
51.466717	-327596
51.483383	-326545
51.50005	-325161
51.516717	-324642
51.533383	-325523
51.55005	-327870
51.566717	-331479
51.583383	-334973
51.60005	-336853
51.616717	-337432
51.633383	-336006
51.65005	-332579
51.666717	-326956
51.683383	-320204
51.70005	-314473
51.716717	-311559
51.733383	-311443
51.75005	-313457
51.766717	-317854
51.783383	-323534
51.80005	-328156
51.816717	-330427
51.833383	-329904
51.85005	-327147
51.866717	-323406
51.883383	-320468
51.90005	-319182
51.916717	-319173
51.933383	-319732
51.95005	-320408
51.966717	-322032
51.983383	-325962
52.00005	-331151
52.016717	-336507
52.033383	-341833
52.05005	-346754
52.066717	-352762
52.083383	-360051
52.10005	-367634
52.116717	-375063
52.133383	-380344
52.15005	-382787
52.166717	-382197
52.183383	-378378
52.20005	-371896
52.216717	-363939
52.233383	-355263
52.25005	-345972
52.266717	-337288
52.283383	-329682
52.30005	-321955
52.316717	-313767
52.333383	-306716
52.35005	-302596
52.366717	-301730
52.383383	-304235
52.40005	-309057
52.416717	-315716
52.433383	-322380
52.45005	-327237
52.466717	-329929
52.483383	-331196
52.50005	-332553
52.516717	-336206
52.533383	-341928
52.55005	-348509
52.566717	-355078
52.583383	-359583
52.60005	-361729
52.616717	-362961
52.633383	-363438
52.65005	-362772
52.666717	-361505
52.683383	-360772
52.70005	-360261
52.716717	-358560
52.733383	-355254
52.75005	-352347
52.766717	-351921
52.783383	-353866
52.80005	-357086
52.816717	-359931
52.833383	-360749
52.85005	-359170
52.866717	-356102
52.883383	-351315
52.90005	-345443
52.916717	-339123
52.933383	-334025
52.95005	-331374
52.966717	-330550
52.983383	-330641
53.00005	-332136
53.016717	-334574
53.033383	-337274
53.05005	-338649
53.066717	-336762
53.083383	-333697
53.10005	-332016
53.116717	-333630
53.133383	-339810
53.15005	-348364
53.166717	-355920
53.183383	-361086
53.20005	-363546
53.216717	-364129
53.233383	-363681
53.25005	-361756
53.266717	-357971
53.283383	-352487
53.30005	-345291
53.316717	-337446
53.333383	-329517
53.35005	-321409
53.366717	-314902
53.383383	-311758
53.40005	-311819
53.416717	-314910
53.433383	-319185
53.45005	-322811
53.466717	-325548
53.483383	-328490
53.50005	-331143
53.516717	-331491
53.533383	-328861
53.55005	-324106
53.566717	-318501
53.583383	-314067
53.60005	-312372
53.616717	-313442
53.633383	-315775
53.65005	-318943
53.666717	-323779
53.683383	-329737
53.70005	-334928
53.716717	-338494
53.733383	-339639
53.75005	-338247
53.766717	-336023
53.783383	-334871
53.80005	-335097
53.816717	-337361
53.833383	-341011
53.85005	-344269
53.866717	-345421
53.883383	-343388
53.90005	-338409
53.916717	-331797
53.933383	-325611
53.95005	-320843
53.966717	-317655
53.983383	-316835
54.00005	-318266
54.016717	-320123
54.033383	-321480
54.05005	-322420
54.066717	-323037
54.083383	-324272
54.10005	-326158
54.116717	-328269
54.133383	-331151
54.15005	-335104
54.166717	-339904
54.183383	-345533
54.20005	-351032
54.216717	-355132
54.233383	-356975
54.25005	-354232
54.266717	-346130
54.283383	-334920
54.30005	-323782
54.316717	-314073
54.333383	-308381
54.35005	-308729
54.366717	-314511
54.383383	-323376
54.40005	-331956
54.416717	-337021
54.433383	-337555
54.45005	-335072
54.466717	-331326
54.483383	-325994
54.50005	-318757
54.516717	-310145
54.533383	-301033
54.55005	-293468
54.566717	-288992
54.583383	-288429
54.60005	-291286
54.616717	-295295
54.633383	-298711
54.65005	-301219
54.666717	-303570
54.683383	-304956
54.70005	-304459
54.716717	-301189
54.733383	-295151
54.75005	-289149
54.766717	-285877
54.783383	-286654
54.80005	-291512
54.816717	-300613
54.833383	-311941
54.85005	-323192
54.866717	-332671
54.883383	-338002
54.90005	-337605
54.916717	-332238
54.933383	-324609
54.95005	-318516
54.966717	-315861
54.983383	-317105
55.00005	-321288
55.016717	-326054
55.033383	-328590
55.05005	-327044
55.066717	-322440
55.083383	-318318
55.10005	-317252
55.116717	-319087
55.133383	-322642
55.15005	-327290
55.166717	-332912
55.183383	-338630
55.20005	-343377
55.216717	-346284
55.233383	-347629
55.25005	-347080
55.266717	-345610
55.283383	-343993
55.30005	-342912
55.316717	-342973
55.333383	-344238
55.35005	-345613
55.366717	-346019
55.383383	-345038
55.40005	-343257
55.416717	-342184
55.433383	-342552
55.45005	-343663
55.466717	-344428
55.483383	-343843
55.50005	-341489
55.516717	-338840
55.533383	-337340
55.55005	-338793
55.566717	-343236
55.583383	-349563
55.60005	-356136
55.616717	-361325
55.633383	-364099
55.65005	-364653
55.666717	-363145
55.683383	-358779
55.70005	-351536
55.716717	-342194
55.733383	-332730
55.75005	-325498
55.766717	-321638
55.783383	-320975
55.80005	-322613
55.816717	-324875
55.833383	-327163
55.85005	-330115
55.866717	-334100
55.883383	-338517
55.90005	-340058
55.916717	-336712
55.933383	-328488
55.95005	-318513
55.966717	-310823
55.983383	-307534
56.00005	-308451
56.016717	-312672
56.033383	-319009
56.05005	-325628
56.066717	-330657
56.083383	-334525
56.10005	-338043
56.116717	-341869
56.133383	-345945
56.15005	-348912
56.166717	-348327
56.183383	-343044
56.20005	-334989
56.216717	-326649
56.233383	-319344
56.25005	-313741
56.266717	-310755
56.283383	-310663
56.30005	-312782
56.316717	-315671
56.333383	-317348
56.35005	-317004
56.366717	-314938
56.383383	-312304
56.40005	-310294
56.416717	-309135
56.433383	-308830
56.45005	-309798
56.466717	-313564
56.483383	-320569
56.50005	-329966
56.516717	-339355
56.533383	-347083
56.55005	-352464
56.566717	-354988
56.583383	-354201
56.60005	-351734
56.616717	-349620
56.633383	-348507
56.65005	-348015
56.666717	-347621
56.683383	-347950
56.70005	-349955
56.716717	-352819
56.733383	-353775
56.75005	-351953
56.766717	-348801
56.783383	-344700
56.80005	-339448
56.816717	-333620
56.833383	-327920
56.85005	-322538
56.866717	-317023
56.883383	-311505
56.90005	-306829
56.916717	-303783
56.933383	-303055
56.95005	-305441
56.966717	-310475
56.983383	-317063
57.00005	-323728
57.016717	-329722
57.033383	-334445
57.05005	-336932
57.066717	-335719
57.083383	-331908
57.10005	-328342
57.116717	-327451
57.133383	-328824
57.15005	-331375
57.166717	-334193
57.183383	-337268
57.20005	-340685
57.216717	-343211
57.233383	-343984
57.25005	-342664
57.266717	-339998
57.283383	-336763
57.30005	-333340
57.316717	-328779
57.333383	-323962
57.35005	-319826
57.366717	-317805
57.383383	-319667
57.40005	-325243
57.416717	-333116
57.433383	-342257
57.45005	-350846
57.466717	-357500
57.483383	-361548
57.50005	-361750
57.516717	-357862
57.533383	-352015
57.55005	-346055
57.566717	-340827
57.583383	-337278
57.60005	-335594
57.616717	-335791
57.633383	-337278
57.65005	-339810
57.666717	-343268
57.683383	-346907
57.70005	-349404
57.716717	-351222
57.733383	-353350
57.75005	-355486
57.766717	-357673
57.783383	-360022
57.80005	-361302
57.816717	-360628
57.833383	-359352
57.85005	-358699
57.866717	-358439
57.883383	-357387
57.90005	-355565
57.916717	-353195
57.933383	-350693
57.95005	-347928
57.966717	-344844
57.983383	-341633
58.00005	-338040
58.016717	-334953
58.033383	-332279
58.05005	-329433
58.066717	-326613
58.083383	-324498
58.10005	-321800
58.116717	-319140
58.133383	-318010
58.15005	-318766
58.166717	-322014
58.183383	-328052
58.20005	-336700
58.216717	-347820
58.233383	-360249
58.25005	-372265
58.266717	-382169
58.283383	-389181
58.30005	-392730
58.316717	-391446
58.333383	-386020
58.35005	-378720
58.366717	-372279
58.383383	-367000
58.40005	-363073
58.416717	-360731
58.433383	-360895
58.45005	-363609
58.466717	-366986
58.483383	-368719
58.50005	-367858
58.516717	-365837
58.533383	-365277
58.55005	-367293
58.566717	-371708
58.583383	-376756
58.60005	-380232
58.616717	-380450
58.633383	-377592
58.65005	-373198
58.666717	-369160
58.683383	-365580
58.70005	-362145
58.716717	-359926
58.733383	-360258
58.75005	-363404
58.766717	-368274
58.783383	-372956
58.80005	-377110
58.816717	-380279
58.833383	-382684
58.85005	-384609
58.866717	-385536
58.883383	-386627
58.90005	-389435
58.916717	-393716
58.933383	-398258
58.95005	-402315
58.966717	-405224
58.983383	-407436
59.00005	-409242
59.016717	-409520
59.033383	-407399
59.05005	-403792
59.066717	-399755
59.083383	-395683
59.10005	-392276
59.116717	-389703
59.133383	-387849
59.15005	-386780
59.166717	-387869
59.183383	-391895
59.20005	-398482
59.216717	-406553
59.233383	-415077
59.25005	-423425
59.266717	-431678
59.283383	-440521
59.30005	-450011
59.316717	-460040
59.333383	-469382
59.35005	-476074
59.366717	-479876
59.383383	-481409
59.40005	-481414
59.416717	-480877
59.433383	-480986
59.45005	-482026
59.466717	-484334
59.483383	-488158
59.50005	-493562
59.516717	-499310
59.533383	-504548
59.55005	-508090
59.566717	-508400
59.583383	-504872
59.60005	-497672
59.616717	-488203
59.633383	-477245
59.65005	-465551
59.666717	-454714
59.683383	-446821
59.70005	-443189
59.716717	-442780
59.733383	-444143
59.75005	-444925
59.766717	-443888
59.783383	-442617
59.80005	-443847
59.816717	-449289
59.833383	-457948
59.85005	-469057
59.866717	-481093
59.883383	-491123
59.90005	-496737
59.916717	-497727
59.933383	-495352
59.95005	-490484
59.966717	-483529
59.983383	-475581
60.00005	-467002
60.016717	-459241
60.033383	-454750
60.05005	-454087
60.066717	-456987
60.083383	-462301
60.10005	-468783
60.116717	-475583
60.133383	-482439
60.15005	-489798
60.166717	-498622
60.183383	-509112
60.20005	-521499
60.216717	-534595
60.233383	-546225
60.25005	-553980
60.266717	-555909
60.283383	-552312
60.30005	-544162
60.316717	-533259
60.333383	-523200
60.35005	-517487
60.366717	-517194
60.383383	-521465
60.40005	-528352
60.416717	-534097
60.433383	-535545
60.45005	-532279
60.466717	-525862
60.483383	-517339
60.50005	-507771
60.516717	-498889
60.533383	-492537
60.55005	-489639
60.566717	-491048
60.583383	-497355
60.60005	-507840
60.616717	-520375
60.633383	-532878
60.65005	-544265
60.666717	-552870
60.683383	-557370
60.70005	-557607
60.716717	-554230
60.733383	-548770
60.75005	-542757
60.766717	-537057
60.783383	-532958
60.80005	-532124
60.816717	-535635
60.833383	-542546
60.85005	-549755
60.866717	-554895
60.883383	-557740
60.90005	-558932
60.916717	-559508
60.933383	-559314
60.95005	-558794
60.966717	-558226
60.983383	-557192
61.00005	-555273
61.016717	-551833
61.033383	-547215
61.05005	-542462
61.066717	-538615
61.083383	-536982
61.10005	-537529
61.116717	-539087
61.133383	-540844
61.15005	-542431
61.166717	-543927
61.183383	-544982
61.20005	-544437
61.216717	-542658
61.233383	-541826
61.25005	-543569
61.266717	-546916
61.283383	-550615
61.30005	-553596
61.316717	-555515
61.333383	-558070
61.35005	-561399
61.366717	-564794
61.383383	-567708
61.40005	-568740
61.416717	-567315
61.433383	-563377
61.45005	-557983
61.466717	-553120
61.483383	-549523
61.50005	-547367
61.516717	-545536
61.533383	-543509
61.55005	-541873
61.566717	-541532
61.583383	-543876
61.60005	-548975
61.616717	-555585
61.633383	-562231
61.65005	-567995
61.666717	-572427
61.683383	-574712
61.70005	-575158
61.716717	-575283
61.733383	-575299
61.75005	-573918
61.766717	-569903
61.783383	-563958
61.80005	-558520
61.816717	-554123
61.833383	-550318
61.85005	-547335
61.866717	-546223
61.883383	-547328
61.90005	-550409
61.916717	-555063
61.933383	-561082
61.95005	-567493
61.966717	-572324
61.983383	-575173
62.00005	-575883
62.016717	-575697
62.033383	-576489
62.05005	-579594
62.066717	-585217
62.083383	-592536
62.10005	-599735
62.116717	-605303
62.133383	-609472
62.15005	-613710
62.166717	-620495
62.183383	-629317
62.20005	-637603
62.216717	-643290
62.233383	-645534
62.25005	-644007
62.266717	-639076
62.283383	-631200
62.30005	-620708
62.316717	-608037
62.333383	-595066
62.35005	-584117
62.366717	-575643
62.383383	-570275
62.40005	-568037
62.416717	-567638
62.433383	-568046
62.45005	-569820
62.466717	-573000
62.483383	-576822
62.50005	-581353
62.516717	-587503
62.533383	-595336
62.55005	-603548
62.566717	-610708
62.583383	-615374
62.60005	-617345
62.616717	-617643
62.633383	-617490
62.65005	-617569
62.666717	-618644
62.683383	-621338
62.70005	-625488
62.716717	-629745
62.733383	-632835
62.75005	-633626
62.766717	-632402
62.783383	-629748
62.80005	-625604
62.816717	-620335
62.833383	-614780
62.85005	-609706
62.866717	-605885
62.883383	-603285
62.90005	-600748
62.916717	-597207
62.933383	-593122
62.95005	-590033
62.966717	-588380
62.983383	-588043
63.00005	-587747
63.016717	-585435
63.033383	-580917
63.05005	-574887
63.066717	-568522
63.083383	-563889
63.10005	-561731
63.116717	-560558
63.133383	-558840
63.15005	-555302
63.166717	-549111
63.183383	-541113
63.20005	-531865
63.216717	-521593
63.233383	-509416
63.25005	-494536
63.266717	-477210
63.283383	-457023
63.30005	-433644
63.316717	-408961
63.333383	-385951
63.35005	-364780
63.366717	-344129
63.383383	-322952
63.40005	-301081
63.416717	-280697
63.433383	-264269
63.45005	-253530
63.466717	-248119
63.483383	-246426
63.50005	-246614
63.516717	-246880
63.533383	-245642
63.55005	-242666
63.566717	-239851
63.583383	-238909
63.60005	-239971
63.616717	-243725
63.633383	-250355
63.65005	-259674
63.666717	-270727
63.683383	-281281
63.70005	-290128
63.716717	-298269
63.733383	-307228
63.75005	-317546
63.766717	-326528
63.783383	-331663
63.80005	-332241
63.816717	-328612
63.833383	-323025
63.85005	-318420
63.866717	-315422
63.883383	-313584
63.90005	-313228
63.916717	-313063
63.933383	-312400
63.95005	-311456
63.966717	-310875
63.983383	-311091
64.00005	-311480
64.016717	-310360
64.033383	-306789
64.05005	-300230
64.066717	-292080
64.083383	-284834
64.10005	-279740
64.116717	-276909
64.133383	-275990
64.15005	-277269
64.166717	-280690
64.183383	-285748
64.20005	-291156
64.216717	-295324
64.233383	-297258
64.25005	-296555
64.266717	-294225
64.283383	-291458
64.30005	-289264
64.316717	-288224
64.333383	-288257
64.35005	-289544
64.366717	-292254
64.383383	-295610
64.40005	-297536
64.416717	-295650
64.433383	-289761
64.45005	-280178
64.466717	-269047
64.483383	-259749
64.50005	-254171
64.516717	-252517
64.533383	-252830
64.55005	-253500
64.566717	-254462
64.583383	-254778
64.60005	-253029
64.616717	-250139
64.633383	-246799
64.65005	-243771
64.666717	-241016
64.683383	-237322
64.70005	-232216
64.716717	-227196
64.733383	-224128
64.75005	-223762
64.766717	-226244
64.783383	-229540
64.80005	-231234
64.816717	-230333
64.833383	-226552
64.85005	-219750
64.866717	-210353
64.883383	-200158
64.90005	-190184
64.916717	-181228
64.933383	-174765
64.95005	-172329
64.966717	-173231
64.983383	-176307
65.00005	-181256
65.016717	-187166
65.033383	-193862
65.05005	-201149
65.066717	-207925
65.083383	-212348
65.10005	-214192
65.116717	-214836
65.133383	-215975
65.15005	-218191
65.166717	-220760
65.183383	-223910
65.20005	-227373
65.216717	-231248
65.233383	-235955
65.25005	-241573
65.266717	-247628
65.283383	-253214
65.30005	-256850
65.316717	-256219
65.333383	-250149
65.35005	-240457
65.366717	-230781
65.383383	-224496
65.40005	-222533
65.416717	-223526
65.433383	-226307
65.45005	-230630
65.466717	-234955
65.483383	-237536
65.50005	-237533
65.516717	-235605
65.533383	-231873
65.55005	-226327
65.566717	-220069
65.583383	-213826
65.60005	-208233
65.616717	-205352
65.633383	-205432
65.65005	-207685
65.666717	-211907
65.683383	-217002
65.70005	-221107
65.716717	-224249
65.733383	-225710
65.75005	-224441
65.766717	-219581
65.783383	-212663
65.80005	-205725
65.816717	-199076
65.833383	-193116
65.85005	-188893
65.866717	-188334
65.883383	-192149
65.90005	-199432
65.916717	-207951
65.933383	-215804
65.95005	-221228
65.966717	-223394
65.983383	-222298
66.00005	-219259
66.016717	-214535
66.033383	-207749
66.05005	-200614
66.066717	-194419
66.083383	-189056
66.10005	-183577
66.116717	-177568
66.133383	-171606
66.15005	-167550
66.166717	-165716
66.183383	-165421
66.20005	-167465
66.216717	-172571
66.233383	-181036
66.25005	-191670
66.266717	-202608
66.283383	-211723
66.30005	-217086
66.316717	-217372
66.333383	-212877
66.35005	-206175
66.366717	-199352
66.383383	-193141
66.40005	-187600
66.416717	-182807
66.433383	-180224
66.45005	-181764
66.466717	-188419
66.483383	-198785
66.50005	-210145
66.516717	-219905
66.533383	-224956
66.55005	-225212
66.566717	-222712
66.583383	-219316
66.60005	-216513
66.616717	-215577
66.633383	-215864
66.65005	-215782
66.666717	-214212
66.683383	-209683
66.70005	-202019
66.716717	-192967
66.733383	-184498
66.75005	-178681
66.766717	-176910
66.783383	-178577
66.80005	-181454
66.816717	-183364
66.833383	-182796
66.85005	-179758
66.866717	-175340
66.883383	-171093
66.90005	-169074
66.916717	-170571
66.933383	-174701
66.95005	-179541
66.966717	-184193
66.983383	-187377
67.00005	-188746
67.016717	-189191
67.033383	-189410
67.05005	-189556
67.066717	-190502
67.083383	-193002
67.10005	-196103
67.116717	-198297
67.133383	-198877
67.15005	-199069
67.166717	-200533
67.183383	-203283
67.20005	-206064
67.216717	-208459
67.233383	-211190
67.25005	-212858
67.266717	-211987
67.283383	-209589
67.30005	-206401
67.316717	-202725
67.333383	-199171
67.35005	-195710
67.366717	-192607
67.383383	-190394
67.40005	-189433
67.416717	-189793
67.433383	-192552
67.45005	-197970
67.466717	-205427
67.483383	-213184
67.50005	-219562
67.516717	-223129
67.533383	-224376
67.55005	-224581
67.566717	-225039
67.583383	-226185
67.60005	-227480
67.616717	-228024
67.633383	-227531
67.65005	-226968
67.666717	-226734
67.683383	-227421
67.70005	-230179
67.716717	-234550
67.733383	-239295
67.75005	-242888
67.766717	-244302
67.783383	-242586
67.80005	-237336
67.816717	-229072
67.833383	-219226
67.85005	-210267
67.866717	-203863
67.883383	-199795
67.90005	-197384
67.916717	-194060
67.933383	-188775
67.95005	-181924
67.966717	-174174
67.983383	-167031
68.00005	-162158
68.016717	-160708
68.033383	-162409
68.05005	-165481
68.066717	-167723
68.083383	-168327
68.10005	-167248
68.116717	-165611
68.133383	-165299
68.15005	-166729
68.166717	-169385
68.183383	-174501
68.20005	-181782
68.216717	-189301
68.233383	-195209
68.25005	-198538
68.266717	-199752
68.283383	-199238
68.30005	-196825
68.316717	-193353
68.333383	-190734
68.35005	-190136
68.366717	-191720
68.383383	-195051
68.40005	-199919
68.416717	-206072
68.433383	-212506
68.45005	-217764
68.466717	-221880
68.483383	-226296
68.50005	-232723
68.516717	-241129
68.533383	-248861
68.55005	-253488
68.566717	-255814
68.583383	-255702
68.60005	-253404
68.616717	-250621
68.633383	-246833
68.65005	-239753
68.666717	-228791
68.683383	-214672
68.70005	-200122
68.716717	-187509
68.733383	-179820
68.75005	-178947
68.766717	-184444
68.783383	-193841
68.80005	-203833
68.816717	-212101
68.833383	-217852
68.85005	-220655
68.866717	-219860
68.883383	-216243
68.90005	-210910
68.916717	-204316
68.933383	-196731
68.95005	-189511
68.966717	-182995
68.983383	-177767
69.00005	-176030
69.016717	-179127
69.033383	-186712
69.05005	-197720
69.066717	-209743
69.083383	-220914
69.10005	-230094
69.116717	-235218
69.133383	-235558
69.15005	-233555
69.166717	-230457
69.183383	-227482
69.20005	-225450
69.216717	-224495
69.233383	-224053
69.25005	-222271
69.266717	-217348
69.283383	-209788
69.30005	-199775
69.316717	-187752
69.333383	-175436
69.35005	-165112
69.366717	-158349
69.383383	-155826
69.40005	-156888
69.416717	-160127
69.433383	-165663
69.45005	-173522
69.466717	-181792
69.483383	-188496
69.50005	-193882
69.516717	-198220
69.533383	-201208
69.55005	-202651
69.566717	-202503
69.583383	-201208
69.60005	-199458
69.616717	-198138
69.633383	-196822
69.65005	-195035
69.666717	-192176
69.683383	-188327
69.70005	-184379
69.716717	-182387
69.733383	-181547
69.75005	-181207
69.766717	-181078
69.783383	-180735
69.80005	-180466
69.816717	-181281
69.833383	-182804
69.85005	-184783
69.866717	-187673
69.883383	-190991
69.90005	-193736
69.916717	-195859
69.933383	-197450
69.95005	-197438
69.966717	-196191
69.983383	-193850
70.00005	-190755
70.016717	-187975
70.033383	-186109
70.05005	-185703
70.066717	-187924
70.083383	-191283
70.10005	-193637
